trackID trackLength(s) totalDisplacement(um) meanVelocity(um/s) totalDistance(um) meanSpeed(um/s) minSpeed(um/s) maxSpeed(um/s) stdevSpeed(um/s) meanPersistence minPersistence maxPersistence stdevPersistence tumblingPropensityV tumblingPropensityP positionX(px) positionY(px) displacementX(um) displacementY(um)
0 12.3 27.2225 2.2132 48.9302 4.7505 0 11.718 2.6524 0.8003 0.4961 0.9955 0.1274 0.7864 0.3494 169.3211 334.3374 -22.75 -14.95
1 12.3 8.475 0.689 58.3841 5.6684 0 20.8102 4.9507 0.1075 -1 1 0.6896 1 0.8272 1003.2967 372.3699 8.45 -0.65
2 12.3 7.2672 0.5908 41.6604 4.0447 0 9.75 2.4606 0.2083 -1 0.9995 0.7088 1 0.6835 901.7724 272.9309 1.3 -7.15
3 9.1 29.5661 3.249 58.016 8.1713 0 20.8102 4.466 0.1439 -0.9666 0.9998 0.4732 0.3803 0.9412 563.9615 723.0549 -16.25 -24.7
4 5.9 6.5324 1.1072 22.0632 5.6572 0 19.5 4.8844 -0.3831 -0.9998 0.3162 0.4496 0.9744 1 218.1356 707.6356 -6.5 -0.65
5 4.7 18.2116 3.8748 16.2175 6.0065 3.25 13.4001 3.536 0.1704 -0.1184 0.4229 0.1872 0.6667 1 626.1489 80.883 -18.2 0.65
6 12.3 9.7716 0.7944 47.0672 4.5696 0 13.4001 2.885 -0.2679 -1 1 0.6705 1 0.8861 872.6463 216.3862 -9.75 -0.65
7 7.9 33.4608 4.2355 57.5269 9.7503 0 30.6604 7.2165 0.6843 -0.2273 0.9989 0.4108 0.2881 0.3333 790.0949 584.9684 -13.65 30.55
8 12.3 16.4567 1.3379 64.1307 6.2263 0 13.4001 3.4654 0.4749 -1 1 0.595 1 0.4933 364.5447 403.9715 -2.6 16.25
9 4.9 28.3403 5.7837 40.5897 13.9964 3.25 49.5025 12.1781 0.504 -0.2817 0.9837 0.4569 0.1724 0.7778 800.8776 474.7449 -16.9 22.75
10 9.1 20.6471 2.2689 46.7537 6.585 0 26.8002 6.4361 -0.01723 -0.9891 1 0.6245 0.6197 0.9216 946.989 658.544 18.2 -9.75
11 12.3 6.1321 0.4985 53.3644 5.181 0 16.25 3.7284 0.6376 -0.2631 0.9998 0.2678 0.9612 0.6506 85.6098 204.8333 5.2 -3.25
12 5.1 71.8096 14.0803 53.2357 17.1728 3.25 32.6621 7.4933 0.928 0.88 0.987 0.0349 0 0 656.0588 142.3235 -63.7 33.15
13 10.7 4.6872 0.4381 60.4204 6.9449 0 39.6713 6.6099 0.06904 -1 0.999 0.7389 0.7356 0.7761 155.1308 359.9439 -3.9 -2.6
14 12.3 18.5905 1.5114 40.3047 3.9131 0 9.1924 2.0272 0.6815 -0.2941 1 0.2481 1 0.506 820.2236 666.9228 -14.95 11.05
15 12.3 65.2627 5.3059 253.99 24.6592 3.25 53.7971 11.0651 0.1599 -0.9225 0.9997 0.6079 0 0.7952 560.8699 292.7033 -54.6 35.75
16 10.7 26.6738 2.4929 70.4083 8.0929 0 37.0557 6.2253 0.5717 -0.4011 0.9966 0.3289 0.4713 0.7015 105.028 574.5981 -18.2 19.5
17 6.7 42.1298 6.288 39.6211 8.43 0 21.8017 6.0761 0.7742 0.4995 0.9958 0.1645 0.1277 0.4074 469.209 298.4552 26 33.15
18 12.3 14.3884 1.1698 54.8524 5.3255 0 16.5718 3.6893 0.7893 -0.124 1 0.307 1 0.2469 444.4187 239.378 -4.55 -13.65
19 5.3 26.65 5.0283 27.9832 8.4798 3.25 14.5344 3.8688 0.6251 0.3004 0.8533 0.2154 0 0.5385 132.6415 385.8962 0 26.65
20 12.3 13.6655 1.111 48.8378 4.7415 0 13 2.9802 0.5544 -0.8944 1 0.6273 1 0.3614 449.3049 28.3618 -12.35 5.85
21 11.1 15.1605 1.3658 49.7356 5.4654 0 17.5018 4.1202 0.5445 -0.7954 0.9998 0.5135 1 0.4571 966.8018 477.3964 13 -7.8
22 12.3 8.841 0.7188 21.92 2.1282 0 13.4001 2.6504 0.6706 -0.4961 1 0.3761 1 0.4079 385.8008 368.1707 -7.15 5.2
23 6.3 7.4111 1.1764 13.7708 3.2025 0 7.2672 1.8929 0.2072 -0.1414 0.8944 0.3115 1 0.913 508.5794 179.3571 -5.85 -4.55
24 12.3 9.0301 0.7342 36.0399 3.499 0 7.2672 2.6655 0.3057 -0.9487 0.9994 0.6561 1 0.6282 198.6301 231.9756 -4.55 7.8
25 10.7 42.9049 4.0098 49.2767 5.664 0 18.9506 4.1727 0.9538 0.7962 0.9997 0.04425 0.5402 0 469.6075 733.6402 42.9 -0.65
26 9.1 7.3539 0.8081 76.9032 10.8314 0 35.8974 6.71 0.2196 -0.01205 0.397 0.1124 0 1 152.6703 561.6703 5.2 -5.2
27 12.3 27.1604 2.2082 110.5633 10.7343 3.25 23.6604 5.0203 0.04239 -0.6536 0.9994 0.5111 0.2039 0.8554 715.5244 516.6301 -9.75 25.35
28 12.1 20.6573 1.7072 38.3024 3.7923 0 13 2.7477 0.8708 0.1644 0.9999 0.1629 1 0.1481 343.4008 761.9876 -20.15 -4.55
29 5.3 26.5229 5.0043 27.4319 8.3127 3.25 21.8017 4.6359 0.8737 0.7016 0.9591 0.08071 0.4242 0.07692 286.5 247.3962 -25.35 -7.8
30 12.3 7.9076 0.6429 52.648 5.1115 0 13.7886 3.0735 0.3612 -0.1203 0.7071 0.177 1 1 536.5366 299.3252 1.3 7.8
31 6.7 15.8152 2.3605 42.8755 9.1224 3.25 20.8102 4.0857 0.4369 -0.7247 0.9979 0.5504 0.766 0.5385 941.4776 480.6269 -2.6 15.6
32 12.3 24.4248 1.9858 70.7166 6.8657 0 21.8017 4.6336 0.5203 -0.9915 1 0.7239 0.9806 0.3951 41.2764 525.9593 -22.1 10.4
33 12.3 25.886 2.1046 105.7748 10.2694 0 40.2003 6.7624 0.187 -0.8742 0.9987 0.6686 0.4757 0.6627 882.8333 674.2398 12.35 22.75
34 7.9 66.5988 8.4302 58.622 9.9359 3.25 16.25 3.7823 0.9681 0.9191 1 0.02646 0.01695 0 522.462 514.1456 -21.45 63.05
35 12.3 5.9927 0.4872 22.3366 2.1686 0 6.5 1.8244 0.5506 -1 1 0.5219 1 0.4605 298.4268 378 -4.55 -3.9
36 6.7 56.9928 8.5064 78.7848 16.7627 3.25 32.5 7.9563 0.5687 -0.2578 0.9997 0.4345 0.1915 0.5556 229.1493 570.5075 -40.3 40.3
37 12.3 39.6234 3.2214 61.5726 5.9779 0 13.7886 3.5034 0.6341 -0.9806 0.9999 0.4079 0.7282 0.494 27.0081 65.5772 29.9 -26
38 12.3 2.9069 0.2363 39.6366 3.8482 0 7.2672 2.0754 -0.3214 -1 0.9417 0.5584 1 0.95 511.7967 61.1545 2.6 -1.3
39 6.3 10.5812 1.6796 30.9808 7.2048 0 27.768 6.1557 0.2921 -0.3846 0.9979 0.582 0.8605 0.6087 899.7619 491.1984 -7.8 7.15
40 6.5 10.896 1.6763 34.2062 7.6014 0 22.981 6.3851 -0.3594 -0.9995 0.9791 0.8111 0.7111 0.8 742.3308 466.9077 -3.25 10.4
41 7.9 4.162 0.5268 35.5766 6.0299 0 16.5718 4.3708 0.1996 -0.9995 0.9971 0.6985 1 0.6579 624.1646 484.0949 -2.6 -3.25
42 10.9 28.6 2.6239 56.3336 6.3296 0 19.769 4.0316 0.8699 0.2249 0.9996 0.1436 1 0.1159 658.7248 61.1651 28.6 0
43 12.3 6.6922 0.5441 42.2862 4.1055 0 10.2774 2.8718 0.2744 -1 1 0.7196 1 0.6988 985.4187 158.7195 3.25 5.85
44 8.3 20.9316 2.5219 47.7917 7.586 0 29.0689 6.4177 -0.2697 -0.9995 0.9983 0.5803 0.8254 0.9535 996.9398 32.488 16.9 -12.35
45 6.9 6.9096 1.0014 68.7913 14.039 3.25 46.5329 9.6783 -0.3569 -0.9582 0.8809 0.6409 0.2449 0.8966 707.2101 724.6957 4.55 5.2
46 6.1 4.6872 0.7684 30.8504 7.5245 0 22.981 5.9535 -0.003261 -0.9899 0.9806 0.7921 1 0.6842 248.5574 145.8852 -3.9 -2.6
47 9.5 93.2042 9.811 107.8693 14.3826 3.25 30.6604 7.3569 0.9442 0.771 0.9997 0.05117 0.1333 0 67.9105 411.7263 20.15 -91
48 12.3 8.6721 0.705 50.9537 4.947 0 13.4001 3.2873 -0.3289 -1 0.774 0.6462 1 0.9878 4.5569 650.7927 1.95 -8.45
49 11.1 9.1924 0.8281 51.287 5.6359 0 22.75 6.1982 0.3808 -1 1 0.8442 1 0.3906 973.4324 0.2793 9.1 1.3
50 12.3 28.8647 2.3467 61.1634 5.9382 0 23.4361 5.2201 0.2853 -0.8087 1 0.5587 0.9223 0.759 69.4146 642.8455 3.9 28.6
51 5.3 10.7594 2.0301 15.6657 4.7472 0 14.5344 3.2799 0.8566 0.534 0.9965 0.1778 1 0.3077 819.4245 538.0849 4.55 -9.75
52 12.3 24.7513 2.0123 65.8774 6.3959 0 21.8017 4.2581 0.6555 -0.9947 1 0.5452 1 0.3766 708.9065 4.4024 24.05 5.85
53 12.3 32.5779 2.6486 58.5493 5.6844 0 13.4001 3.2003 0.7653 -0.9997 1 0.4776 0.7379 0.1807 639.6504 588.9268 28.6 -15.6
54 6.9 5.85 0.8478 31.5488 6.4385 0 16.25 3.6844 0.1327 -1 1 0.9951 1 0.4286 819.9493 0.1739 5.85 0
55 5.3 12.4182 2.3431 23.2498 7.0454 0 24.7513 6.1857 0.798 0.2591 0.9992 0.2186 1 0.3077 117.0755 673.2358 -9.1 -8.45
56 5.9 46.1912 7.829 48.7989 12.5125 4.5962 26.8002 5.477 0.81 0.2516 0.999 0.23 0 0.3158 667.1271 255.178 -1.95 -46.15
57 6.1 36.9758 6.0616 44.4433 10.8398 3.25 21.8017 5.2881 0.9136 0.7134 0.9996 0.0965 0.1951 0.04762 555.623 480.3115 -6.5 36.4
58 12.3 51.4281 4.1811 145.0171 14.0793 0 43.7243 10.5115 0.5252 -0.8755 0.9998 0.6443 0.1456 0.3373 367.0894 612.7398 -48.1 -18.2
59 9.1 5.9927 0.6585 44.2591 6.2337 3.25 18.9506 3.3819 -0.222 -1 0.9983 0.6981 1 0.8627 749.7088 605.1978 4.55 3.9
60 5.1 9.1924 1.8024 12.025 3.879 0 9.75 3.074 -0.9867 -1 -0.9487 0.02007 0.9677 1 0.09804 85.7647 1.3 9.1
61 12.3 36.4232 2.9612 103.9825 10.0954 0 37.0557 7.2327 0.1606 -1 0.9998 0.7413 0.5631 0.6506 704.6829 400.0569 20.8 -29.9
62 11.9 12.3329 1.0364 77.4446 7.8227 0 21.8017 5.9768 0.4705 -0.7399 1 0.4616 0.7677 0.6364 189.6218 423.6555 -11.7 3.9
63 7.9 9.8363 1.2451 68.0268 11.53 0 39 10.3165 -0.4677 -0.9998 0.9985 0.4662 0.5424 0.9744 1018.538 255.481 9.75 -1.3
64 6.3 49.4 7.8413 48.8548 11.3616 3.25 22.981 5.6624 0.5336 0.138 0.966 0.2541 0 0.7826 633.6825 406.9524 49.4 0
65 11.9 11.0691 0.9302 35.5655 3.5925 0 13.4001 3.2506 0.4732 -1 1 0.6561 1 0.5806 1018.7521 639.8697 8.45 7.15
66 6.3 13.0648 2.0738 82.915 19.2826 6.5 42.3748 10.0088 -0.2977 -0.6371 0.1234 0.2294 0 1 241.0952 358.3175 1.3 13
67 4.9 24.5025 5.0005 34.0586 11.7443 3.25 19.769 5.2944 -0.1673 -0.5487 0.3443 0.3063 0.1034 1 702.6633 338.5102 -22.75 9.1
68 4.9 0.65 0.1327 31.57 10.8862 0 24.7513 7.4372 -0.5413 -0.9899 0.6139 0.6469 1 1 931.7959 26.4796 0 0.65
69 5.9 63.1036 10.6955 60.7686 15.5817 3.25 46.1912 9.4245 0.9068 0.7381 0.9998 0.09116 0 0.05263 969.7458 721.3475 -2.6 -63.05
70 5.1 22.1096 4.3352 28.0809 9.0583 4.5962 16.5718 3.6664 -0.01107 -0.1225 0.05446 0.05597 0 1 469.6373 123.451 20.15 9.1
71 7.5 8.2731 1.1031 25.8658 4.7029 0 10.2774 3.1842 0.3086 -0.8 0.9971 0.4963 1 0.7059 193.2867 547.3 -5.85 5.85
72 11.3 11.9324 1.056 56.7526 6.1024 0 26.2023 4.7208 0.3314 -1 1 0.6667 1 0.6528 826.5044 179.1372 -10.4 5.85
73 5.1 41.0325 8.0456 50.1952 16.192 3.25 33.4608 8.9503 0.6148 0.2749 0.9039 0.1964 0 0.8182 572.3725 529.0294 -31.2 26.65
74 8.1 11.1262 1.3736 32.4909 5.3264 0 22.981 5.1925 0.7297 -1 1 0.4514 1 0.2821 239.8951 46.8519 11.05 1.3
75 6.9 63.902 9.2612 125.3928 25.5904 4.5962 44.2048 12.3136 0.6682 -0.1436 0.9999 0.394 0.06122 0.3793 896.7029 161.8261 -63.05 -10.4
76 5.5 22.5354 4.0973 35.0634 10.0181 3.25 21.8017 5.2118 0.7673 0.3667 0.9995 0.2464 0.8571 0.4 975.1909 266.0818 12.35 -18.85
77 10.9 37.5709 3.4469 49.9766 5.6154 0 14.5344 3.0065 0.8427 0.1029 1 0.1915 0.8202 0.2609 543.3578 71.1147 -29.9 -22.75
78 10.7 17.1605 1.6038 123.4466 14.1893 0 32.6621 8.9669 0.1138 -0.9878 0.9999 0.6113 0.3563 0.7761 517.5093 655.3645 7.15 -15.6
79 6.7 7.0007 1.0449 67.4804 14.3575 3.25 29.43 6.7384 -0.5752 -0.8253 -0.1653 0.2007 0.1489 1 489.0149 566.209 6.5 -2.6
80 10.1 21.2918 2.1081 85.4093 10.5444 0 29.9635 7.4765 -0.8114 -0.9976 0.14 0.2359 0.1728 1 647.0891 240.9455 20.8 -4.55
81 5.7 18.3157 3.2133 31.3422 8.4709 3.25 25.3833 5.461 0.7666 0.2631 0.9725 0.2359 0.4054 0.2353 510.4474 451.8333 8.45 -16.25
82 9.7 18.7489 1.9329 59.7859 7.7644 0 26 6.3652 0.5621 -0.6508 1 0.4794 1 0.5263 774.3505 466.4536 10.4 15.6
83 7.5 15.6271 2.0836 45.9987 8.3634 0 46.8722 8.9529 -0.04927 -0.9638 1 0.7518 0.8727 0.7188 829.6067 399.06 4.55 14.95
84 4.9 34.0305 6.945 39.1622 13.5042 3.25 29.9635 7.1708 0.8632 0.798 0.9124 0.03652 0.03448 0 317.051 302.8571 16.25 29.9
85 9.1 13.1615 1.4463 37.8612 5.3326 0 20.8102 4.1266 -0.1943 -0.9997 1 0.7588 1 0.7959 946.6978 44.3242 -7.15 11.05
86 6.5 9.7716 1.5033 26.5496 5.8999 0 14.5344 3.6238 -0.279 -0.9872 1 0.6395 1 0.92 613.0538 84.3 9.75 -0.65
87 5.3 26.0325 4.9118 58.2019 17.6369 3.25 39.1352 12.8102 0.6293 0.3065 0.9588 0.2402 0.2424 0.6154 154.0566 290.0377 26 -1.3
88 6.3 50.966 8.0898 67.5042 15.6986 3.25 29.9635 6.9617 0.63 -0.3464 0.9994 0.4354 0.04651 0.3913 948.1111 367.2857 -40.3 -31.2
89 8.7 2.7577 0.317 44.9774 6.713 0 18.3848 4.4752 0.01042 -0.9923 1 0.7161 0.9552 0.7609 848.7644 7.5805 -1.95 -1.95
90 5.7 14.3884 2.5243 37.573 10.1549 0 29.9635 7.8825 0.5654 0.1738 0.9959 0.2604 0.8108 0.7647 928.0965 705.3947 -13.65 4.55
91 7.9 45.5232 5.7624 89.6798 15.2 0 32.6621 8.3566 0.3169 -0.9985 0.9985 0.6797 0.4915 0.6154 348.4937 486.3734 7.8 44.85
92 7.9 23.3005 2.9494 70.0731 11.8768 3.25 40.7224 8.9421 0.04624 -1 1 0.8024 0.9153 0.6842 46.4873 549.6709 20.15 11.7
93 5.1 21.8501 4.2843 11.8388 3.819 0 17.5018 5.1454 0.04868 -1 0.7526 0.7275 0.8065 0.9091 1020.3627 553.0686 20.15 -8.45
94 7.9 31.53 3.9911 33.1595 5.6203 0 18.9506 3.9473 0.8697 0.6043 0.9998 0.1218 0.6441 0.2051 1012.7722 35.6519 7.8 -30.55
95 7.7 27.3696 3.5545 78.839 13.8314 3.25 35.0036 8.3383 -0.6461 -1 0.206 0.3861 0.3509 1 254.026 99.513 27.3 -1.95
96 4.7 5.36 1.1404 23.1128 8.5603 3.25 19.5 4.4014 -0.8344 -0.9388 -0.7124 0.06873 0.8889 1 918.8723 341.9362 -1.3 5.2
97 6.1 20.8102 3.4115 81.445 19.8646 6.5 29.9635 5.6592 -0.9129 -0.9988 -0.799 0.06593 0 1 102.2295 480.1885 5.2 20.15
98 7.7 11.9854 1.5565 31.5665 5.538 0 13.4001 3.568 -0.1126 -1 0.9989 0.9649 0.6491 0.5429 111.2208 261.8312 11.7 2.6
99 7.3 37.4301 5.1274 64.8409 12.2341 0 20.5548 6.5152 0.2344 -0.9926 0.98 0.7034 0.2642 0.6061 129.5616 500.5753 -13 35.1
100 6.9 20.9316 3.0336 28.8534 5.8884 0 14.5344 3.5462 0.46 -0.0767 0.7593 0.242 0.6531 0.9655 42.4275 211.2029 18.85 -9.1
101 6.9 21.3216 3.0901 25.2966 5.1626 0 11.718 3.5528 0.4967 -0.2747 0.9989 0.3445 0.898 0.7037 899.1304 193.5652 -13 16.9
102 5.7 30.46 5.3439 61.8651 16.7203 4.5962 40.2003 8.8291 0.8364 0.7094 0.994 0.08363 0.1892 0.2353 800.5263 334.1579 -19.5 23.4
103 6.3 20.1919 3.2051 61.0666 14.2015 0 46.5329 12.0037 -0.6494 -0.9919 1 0.4479 0.7907 0.9565 62.6508 592.373 1.3 20.15
104 6.3 16.7114 2.6526 29.7021 6.9075 0 17.5018 4.0975 0.6756 -0.5744 0.985 0.4674 0.6512 0.2727 220.4048 531.1587 16.25 -3.9
105 6.3 145.4447 23.0865 114.518 26.6321 14.5344 41.1096 6.959 0.971 0.9104 1 0.0291 0 0 317.5079 291.4365 -40.3 -139.75
106 6.3 40.9964 6.5074 60.4934 14.0682 0 26.2023 7.2375 0.02057 -0.5683 0.9939 0.5444 0.09302 0.8261 724.0238 236.0556 17.55 -37.05
107 6.1 22.1859 3.637 30.5131 7.4422 0 19.5 4.7657 0.8401 0.4472 0.995 0.1469 0.3902 0.2381 722.9016 351.1721 -22.1 -1.95
108 6.1 86.0483 14.1063 78.4177 19.1263 3.25 35.8974 10.5692 0.1742 -0.1178 0.9476 0.2447 0.09756 0.9524 203.5082 300.4672 -63.7 -57.85
109 6.1 16.4053 2.6894 39.9359 9.7405 0 18.3848 5.0538 -0.2675 -0.9187 0.4353 0.3256 0.1707 1 193.918 671.959 -9.1 -13.65
110 5.1 14.0316 2.7513 25.8323 8.333 0 26.8002 6.3132 -0.4047 -0.8789 0.1961 0.3526 0.8387 1 222.598 698.3431 3.25 13.65
111 5.9 23.6604 4.0102 35.5754 9.1219 0 29.43 6.9097 0.2899 0.124 0.4585 0.1085 0 1 451.5 116.322 18.85 14.3
112 4.9 104.4156 21.3093 67.6002 23.3104 13.4001 56.7588 10.5871 0.8835 0.7753 1 0.09364 0 0 940.9388 118.6429 -102.7 18.85
113 5.7 7.0007 1.2282 29.3754 7.9393 0 22.981 5.5557 -0.09774 -0.9584 0.8222 0.5779 1 0.9375 394.4211 732.6491 -6.5 2.6
114 5.3 61.8013 11.6606 29.8245 9.0377 0 33.4608 7.9569 0.6966 0.3547 0.9996 0.2024 0.3939 0.6154 572.3774 415.1887 -23.4 57.2
115 5.3 128.6031 24.2647 93.864 28.4436 13 42.3748 8.0505 0.7185 0.4916 0.998 0.2039 0 0.5385 184.9245 614.4623 -127.4 -17.55
116 5.3 12.9512 2.4436 31.1807 9.4487 0 40.7224 8.7899 0.3591 -0.2991 0.8915 0.4506 0.8485 0.7692 479.934 614.1321 12.35 3.9
117 5.3 72.6199 13.7019 57.8717 17.5369 9.75 29.0689 4.6019 0.7235 0.6538 0.8438 0.06125 0 0.6923 437.6132 139.4623 -51.35 51.35
118 5.3 5.85 1.1038 56.5478 17.1357 3.25 39.1352 11.3258 -0.6783 -0.9999 0.9981 0.6418 0.5758 0.9231 244.8679 564.8208 0 -5.85
119 5.3 18.3503 3.4623 31.7569 9.6233 0 18.9506 4.8976 0.5874 0.1703 0.9394 0.2588 0.8788 0.6923 889.3208 733.2358 -16.9 7.15
120 4.9 4.5962 0.938 22.5345 7.7705 3.25 13.7886 3.54 0.2925 -0.943 1 0.8007 1 0.5 876.6837 63.0306 4.55 0.65
121 4.9 6.5 1.3265 20.8741 7.198 0 13.4001 3.8233 0.354 -0.9766 0.9982 0.7567 1 0.6667 942.7347 546.7755 3.9 -5.2
122 4.9 23.9796 4.8938 35.1084 12.1064 4.5962 29.9635 6.43 0.9923 0.9685 1 0.009597 0.3793 0 759.9388 365.8878 -13 20.15
123 4.7 5.5154 1.1735 35.5976 13.1843 3.25 23.6604 5.5075 -0.8394 -0.9561 -0.4961 0.1595 0.2963 1 266.0638 357.8511 3.9 3.9
124 4.7 29.8222 6.3451 24.2099 8.9666 3.25 24.7513 5.1576 0.9422 0.8944 0.998 0.04379 0 0 460.6702 689.766 8.45 28.6
