trackID trackLength(s) totalDisplacement(um) meanVelocity(um/s) totalDistance(um) meanSpeed(um/s) minSpeed(um/s) maxSpeed(um/s) stdevSpeed(um/s) meanPersistence minPersistence maxPersistence stdevPersistence tumblingPropensityV tumblingPropensityP positionX(px) positionY(px) displacementX(um) displacementY(um)
0 12.3 23.0023 1.8701 47.9573 4.6561 0.6119 11.6205 2.491 0.7689 0.503 0.9913 0.1325 0.9029 0.4217 163.7448 335.7601 -15.5065 -16.9899
1 12.3 13.7573 1.1185 60.105 5.8354 0.4469 20.8232 4.957 0.324 -0.9993 1 0.6282 1 0.7349 999.47 374.1928 13.4328 -2.9706
2 12.3 10.4721 0.8514 42.6969 4.1453 0.4348 10.1882 2.3998 0.3149 -0.9987 0.9992 0.6621 1 0.6024 897.7347 273.6324 6.5505 -8.1705
3 9.1 32.5609 3.5781 58.3149 8.2134 0.7971 21.0814 4.611 -0.01757 -0.998 0.6902 0.4935 0.3944 1 560.4656 727.3583 -11.7189 -30.379
4 5.9 5.1326 0.8699 22.6527 5.8084 0.8311 20.1156 4.918 -0.7864 -0.9978 -0.6036 0.1207 1 1 215.5278 710.2995 -3.1167 -4.078
5 4.7 16.0182 3.4081 16.5927 6.1454 2.7636 12.973 3.5247 -0.001353 -0.3222 0.3052 0.2162 0.7407 1 624.4095 80.3054 -15.9601 1.3626
6 12.3 4.4814 0.3643 47.3238 4.5945 0.436 12.9964 2.8148 -0.2977 -1 0.9997 0.5832 1 0.9157 868.5521 216.4119 -4.436 -0.6363
7 7.9 29.0245 3.674 56.5193 9.5795 0.6677 30.2156 7.1512 0.5981 -0.4272 0.9978 0.4863 0.3559 0.4103 787.3685 587.5966 -10.1131 27.2056
8 12.3 14.2725 1.1604 65.0493 6.3155 0.5968 13.0747 3.3588 0.4282 -0.7696 0.9989 0.5098 1 0.6145 359.3666 406.0884 4.1246 13.6635
9 4.9 25.9331 5.2925 39.7878 13.7199 2.9693 49.2879 12.1786 0.4346 -0.368 0.9751 0.4748 0.2069 0.7778 799.2133 475.8852 -14.731 21.3429
10 9.1 26.4443 2.906 48.7154 6.8613 0.6731 27.768 6.5699 0.08647 -0.9651 1 0.604 0.6056 0.8824 944.0742 662.3036 22.0265 -14.6334
11 12.3 13.0679 1.0624 55.6232 5.4003 0.6131 16.8367 3.6585 0.71 0.05769 1 0.2195 0.9515 0.5542 79.8321 204.7567 12.7224 -2.9852
12 5.1 69.9841 13.7224 52.5736 16.9592 3.3742 32.7131 7.5381 0.9223 0.8728 0.985 0.03669 0 0 654.2056 141.957 -61.3389 33.6945
13 10.7 4.9596 0.4635 61.4863 7.0674 0.6193 40.4544 6.5703 0.1198 -1 0.9986 0.7536 0.6552 0.806 150.2471 361.399 2.4343 -4.321
14 12.3 10.5259 0.8558 39.6992 3.8543 0.708 9.9789 1.8955 0.4412 -0.6687 1 0.4201 1 0.7229 816.0188 672.0312 -9.4924 4.5485
15 12.3 59.9832 4.8767 254.2042 24.68 2.7521 54.5229 11.1281 0.1615 -0.9058 0.9997 0.5997 0 0.7952 556.1307 293.588 -48.4275 35.3943
16 10.7 18.9195 1.7682 68.2951 7.85 0.7526 36.8986 6.0878 0.5026 -0.1676 0.9999 0.3086 0.5287 0.791 100.0631 578.1106 -11.7361 14.8396
17 6.7 44.0678 6.5773 40.7503 8.6703 0.5363 21.5316 6.007 0.7805 0.512 0.9916 0.1608 0.08511 0.4074 466.521 298.924 29.5214 32.7178
18 12.3 14.3327 1.1653 55.0548 5.3451 0.5343 17.1373 3.6655 0.7232 -0.1492 1 0.2932 1 0.4578 439.4143 239.717 1.962 -14.1977
19 5.3 25.8637 4.8799 28.4296 8.615 3.1131 14.6748 3.7252 0.6147 0.2542 0.8561 0.2322 0.0303 0.5385 130.2242 386.6882 3.131 25.6735
20 12.3 10.4912 0.8529 48.7551 4.7335 0.5748 12.4892 2.8374 0.3871 -0.9592 1 0.7041 1 0.4819 444.318 26.2452 -5.8628 8.7002
21 11.1 20.8904 1.882 52.2327 5.7399 0.5108 18.0807 4.1243 0.606 -0.5522 0.9999 0.4444 0.956 0.4507 963.2768 480.1328 17.5847 -11.2776
22 12.3 3.0381 0.247 24.3826 2.3672 0.5758 12.9479 2.3647 -0.09425 -0.9973 1 0.7166 1 0.7952 380.6722 369.9043 -0.4944 2.9976
23 6.3 5.0397 0.7999 13.5444 3.1499 0.5216 7.032 1.7115 -0.03369 -0.6624 0.8848 0.4253 1 0.913 506.1057 179.1659 -2.636 -4.2953
24 12.3 8.1325 0.6612 37.7318 3.6633 0.5889 7.8119 2.4862 0.5446 -0.8734 1 0.524 1 0.494 193.0997 232.1622 2.6301 7.6955
25 10.7 49.1527 4.5937 52.7771 6.0663 0.8183 19.8329 4.1595 0.9746 0.8392 1 0.02873 0.5057 0 465.2808 738.7626 48.594 -7.3899
26 9.1 14.1071 1.5502 76.2011 10.7325 0.7209 36.8205 6.817 0.1716 -0.1278 0.4051 0.1462 0 1 148.5295 564.5908 10.6088 -9.2987
27 12.3 21.4845 1.7467 109.9534 10.6751 2.8145 24.0186 5.0171 -0.01465 -0.8446 0.9989 0.563 0.1845 0.8434 711.1065 520.049 -3.9999 21.1089
28 12.1 18.4658 1.5261 39.3946 3.9005 0.8633 12.4935 2.5177 0.8757 0.2795 1 0.1549 1 0.1358 338.2756 768.1343 -13.5112 -12.587
29 5.3 23.8051 4.4915 26.2099 7.9424 2.6763 21.3533 4.6271 0.851 0.6348 0.9618 0.102 0.5152 0.2308 284.2287 247.5683 -22.4108 -8.0272
30 12.3 10.0696 0.8187 53.5474 5.1988 0.5209 13.5701 3.0117 0.3431 -0.208 0.7999 0.2614 0.9903 0.9759 531.7262 300.301 7.5774 6.6318
31 6.7 13.6505 2.0374 42.8424 9.1154 2.8517 21.0358 4.0844 0.2271 -0.993 0.9998 0.7201 0.8085 0.6296 939.34 482.2403 0.1807 13.6493
32 12.3 15.635 1.2711 69.2898 6.7272 0.7263 22.5686 4.5238 0.3809 -0.9515 1 0.7085 0.9903 0.506 35.4273 529.4746 -14.5059 5.8339
33 12.3 23.9751 1.9492 106.4491 10.3349 0.6988 40.6342 6.6906 0.1535 -0.9996 0.9997 0.7173 0.4951 0.6145 878.7472 679.3869 17.6971 16.1746
34 7.9 63.2001 8 56.4622 9.5699 2.7626 16.0705 3.6571 0.9642 0.9099 1 0.02985 0.0339 0 519.3736 516.1943 -17.4454 60.7446
35 12.3 6.7608 0.5497 24.7617 2.404 0.599 5.9522 1.5393 0.2463 -0.9998 1 0.7475 1 0.6024 293.1113 379.8741 2.3513 -6.3387
36 6.7 52.4469 7.8279 77.6394 16.519 3.8605 32.0718 7.8636 0.4905 -0.3697 1 0.4749 0.2553 0.6667 226.2016 572.6422 -36.5083 37.6539
37 12.3 44.7067 3.6347 64.6633 6.278 0.6518 13.5776 3.3932 0.7054 -0.08956 0.999 0.2731 0.6893 0.4699 21.0992 63.9677 37.6294 -24.1396
38 12.3 8.9809 0.7302 40.9285 3.9736 0.549 7.6856 1.9484 -0.4659 -1 0.997 0.6032 1 0.9157 506.9321 59.4317 8.9326 0.9297
39 6.3 7.2666 1.1534 31.1649 7.2476 0.5495 27.5026 5.9595 0.09116 -0.6934 0.9992 0.6988 0.9535 0.6522 897.7105 492.7897 -5.1317 5.1448
40 6.5 8.5046 1.3084 34.0623 7.5694 0.5562 22.4989 6.2134 -0.4084 -0.9999 0.9993 0.7806 0.8222 0.84 740.0378 468.4109 -0.2582 8.5006
41 7.9 5.8882 0.7453 36.1093 6.1202 0.5893 16.1854 4.2733 0.3098 -0.9479 0.9995 0.5983 1 0.641 621.208 486.0676 1.251 -5.7538
42 10.9 33.9505 3.1147 58.8103 6.6079 0.5209 20.32 3.974 0.9069 0.4708 0.9997 0.1021 0.9888 0.07246 654.6814 59.6251 33.8931 1.9738
43 12.3 10.5855 0.8606 43.9146 4.2636 0.4138 10.5837 2.7951 0.3127 -0.9979 0.9994 0.7288 1 0.6145 981.5569 158.0581 8.2741 6.6023
44 8.3 22.9616 2.7665 48.1724 7.6464 0.4632 29.3441 6.4582 -0.185 -0.9618 0.9876 0.5928 0.8095 0.9302 994.3588 31.1118 20.2992 -10.7322
45 6.9 7.8698 1.1406 68.8939 14.06 2.8435 46.2005 9.7928 -0.2897 -0.9116 0.929 0.6482 0.2041 0.8621 704.7256 727.9269 7.7904 1.1151
46 6.1 2.1581 0.3538 31.2787 7.629 0.583 22.6055 5.8065 -0.3964 -0.9998 0.9905 0.6541 1 0.9524 245.8907 145.5069 -0.4354 -2.1137
47 9.5 97.58 10.2716 109.9241 14.6566 3.4907 31.4501 7.509 0.9498 0.7853 0.9996 0.04797 0.1333 0 63.4306 413.6964 26.0033 -94.0515
48 12.3 17.9374 1.4583 53.4878 5.193 0.82 14.1515 3.291 -0.1367 -0.9951 0.8922 0.6485 0.9417 0.9518 -1.388 655.7942 9.6601 -15.114
49 11.1 14.2833 1.2868 53.4103 5.8693 0.4854 23.2118 6.1052 0.7235 -0.7198 1 0.4465 1 0.2676 969.9229 -1.9108 13.6673 4.1496
50 12.3 25.3181 2.0584 61.9056 6.0103 0.8 23.7737 5.0279 0.1618 -0.9925 0.9999 0.623 0.9417 0.759 63.6082 647.6498 11.4693 22.5713
51 5.3 13.7133 2.5874 16.6169 5.0354 0.594 14.7819 3.2124 0.8964 0.6785 0.9985 0.1228 1 0.1538 817.6278 539.6645 6.8844 -11.86
52 12.3 31.2065 2.5371 68.2695 6.6281 0.5351 22.3371 4.2676 0.799 -0.7385 1 0.3217 1 0.1928 704.4461 2.0166 29.8774 9.0104
53 12.3 40.7334 3.3117 62.3741 6.0557 0.656 13.0516 3.1674 0.8242 -0.8958 1 0.3745 0.6602 0.1084 635.0367 593.2408 34.6455 -21.4219
54 6.9 9.0783 1.3157 32.1727 6.5659 0.5166 16.7213 3.7112 0.3829 -0.9379 0.9999 0.8021 1 0.4138 817.5991 -1.1805 8.9058 1.7616
55 5.3 12.8627 2.4269 23.7805 7.2062 0.8206 24.5117 6.0264 0.8229 0.4272 0.9999 0.1825 1 0.3077 114.6469 675.4753 -5.9502 -11.4037
56 5.9 46.7059 7.9162 48.9617 12.5543 4.3021 27.2717 5.5746 0.8094 0.2599 1 0.2302 0 0.3158 664.9753 255.4693 0.8375 -46.6984
57 6.1 34.7911 5.7035 43.4591 10.5998 3.6178 22.1715 5.2903 0.8963 0.6774 0.9999 0.1183 0.2927 0.2381 553.2774 481.7461 -3.4521 34.6194
58 12.3 47.906 3.8948 145.1711 14.0943 0.7268 43.7581 10.3905 0.5485 -0.8438 0.9999 0.6197 0.1262 0.3253 361.9438 617.3482 -41.3533 -24.1844
59 9.1 8.7481 0.9613 44.1578 6.2194 2.8101 19.1921 3.421 -0.2246 -0.9999 0.9996 0.7142 1 0.8039 746.4909 608.4642 8.741 -0.3513
60 5.1 10.9114 2.1395 12.7392 4.1094 0.6526 9.9675 2.9266 -0.3641 -0.6815 0.3623 0.3607 0.9677 1 -2.3413 85.1596 4.4712 9.9533
61 12.3 42.291 3.4383 105.515 10.2442 0.507 37.5694 7.2998 0.1736 -1 0.9998 0.7557 0.5049 0.6386 700.2208 402.2576 26.6274 -32.8558
62 11.9 4.862 0.4086 78.5286 7.9322 0.6427 21.2841 5.8231 0.3747 -0.9852 0.9995 0.5083 0.7778 0.6835 184.2647 425.9652 -4.7554 1.0125
63 7.9 13.0291 1.6493 68.5989 11.6269 0.4038 39.208 10.2945 -0.4052 -0.9976 0.9691 0.4898 0.5085 0.9744 1016.1134 255.7975 12.918 -1.6974
64 6.3 52.532 8.3384 49.9208 11.6095 3.5231 22.6687 5.597 0.5665 0.1729 0.9681 0.2401 0 0.7391 631.3272 408.0777 52.5074 -1.6072
65 11.9 13.2895 1.1168 38.3201 3.8707 0.6545 13.7121 3.0587 0.8038 -0.06193 1 0.2376 1 0.3038 1015.0822 644.5341 13.2373 1.176
66 6.3 12.9435 2.0545 83.1375 19.3343 6.7542 42.9949 10.251 -0.2942 -0.5988 0.06102 0.1902 0 1 238.3271 359.1119 4.8675 11.9934
67 4.9 22.1166 4.5136 33.0916 11.4109 3.1212 19.2963 5.1822 -0.2695 -0.6337 0.2677 0.3126 0.1034 1 700.9154 339.0539 -20.4822 8.3439
68 4.9 2.6784 0.5466 31.5816 10.8902 0.4802 24.2756 7.3868 -0.2689 -0.8863 0.9057 0.692 1 0.8889 930.2328 25.6417 2.0343 1.7423
69 5.9 66.9348 11.3449 62.7432 16.088 3.7093 46.3718 9.4085 0.9154 0.7641 0.9999 0.08202 0 0 967.8953 724.1828 -0.1931 -66.9345
70 5.1 24.7469 4.8523 29.0193 9.3611 5.0685 16.5807 3.5188 0.08037 -0.0312 0.1466 0.05449 0 1 467.6014 123.0157 22.8132 9.59
71 7.5 3.2701 0.436 26.3231 4.786 0.7127 10.2285 2.9731 -0.1008 -0.9513 0.9868 0.6182 1 0.8857 189.9267 549.5841 -1.4915 2.9101
72 11.3 8.3749 0.7411 57.833 6.2186 0.4493 25.8425 4.6064 0.2824 -0.9912 1 0.6692 1 0.6849 822.6559 178.7527 -5.4278 6.3779
73 5.1 37.9888 7.4488 49.2023 15.8717 2.7699 32.8974 8.8061 0.5619 0.1896 0.8901 0.2191 0 0.8182 570.4393 530.4667 -28.6907 24.8997
74 8.1 15.9815 1.973 33.8821 5.5544 0.6125 23.5763 5.1672 0.91 0.6723 0.9997 0.09038 0.9672 0.07317 236.3211 45.6049 15.7112 2.9268
75 6.9 61.0004 8.8406 125.2453 25.5603 4.9762 43.794 12.1895 0.6411 -0.2088 0.9999 0.4182 0.08163 0.4138 894.4691 161.4972 -60.1743 -10.0054
76 5.5 24.2132 4.4024 35.5172 10.1478 3.3314 21.7896 5.2301 0.798 0.4494 0.9996 0.2141 0.8 0.4 973.4688 266.3591 14.5933 -19.3213
77 10.9 32.3249 2.9656 48.381 5.4361 0.538 14.0094 2.9284 0.7599 -0.2695 1 0.2907 0.8989 0.3913 539.1247 69.7334 -24.4407 -21.1554
78 10.7 25.0422 2.3404 124.2853 14.2857 0.7281 33.3428 9.2258 0.1265 -1 1 0.6017 0.3448 0.8209 513.2799 659.7548 12.6569 -21.6083
79 6.7 11.3709 1.6972 68.0857 14.4863 2.8969 29.0378 6.7637 -0.581 -0.8968 -0.1475 0.2419 0.2553 1 486.3576 568.378 9.9557 -5.4938
80 10.1 26.182 2.5923 85.7737 10.5893 0.4842 30.0465 7.5839 -0.7716 -1 0.241 0.2839 0.1852 1 643.3276 241.2217 25.735 -4.8173
81 5.7 21.2253 3.7237 32.5709 8.8029 3.0254 26.0138 5.5103 0.8364 0.5202 0.9744 0.1474 0.2703 0.1765 508.2091 453.103 11.3555 -17.9323
82 9.7 19.6039 2.021 60.524 7.8603 0.5502 26.4605 6.2924 0.5175 -0.9908 0.9975 0.5614 1 0.5263 770.9569 468.6694 14.8204 12.8323
83 7.5 15.5122 2.0683 46.3144 8.4208 0.499 47.1419 8.9848 0.03291 -0.9998 0.999 0.7315 0.8727 0.7714 827.0636 400.3198 7.8469 13.3811
84 4.9 35.0697 7.1571 39.2549 13.5362 3.4155 30.3084 7.2335 0.8729 0.8046 0.9217 0.03788 0 0 314.9709 303.2208 18.9663 29.4985
85 9.1 13.4239 1.4752 38.6209 5.4396 0.4628 21.2957 4.105 0.07348 -0.9998 1 0.7656 0.9718 0.6667 943.7909 42.8771 -3.3887 12.9891
86 6.5 12.9372 1.9903 27.2553 6.0567 0.5195 14.2029 3.5244 -0.04204 -0.7002 0.9935 0.5482 1 0.88 610.613 83.5326 12.9316 0.3802
87 5.3 29.1821 5.5061 58.9389 17.8603 2.6544 38.8395 12.8872 0.6878 0.4289 0.9756 0.21 0.1818 0.5385 151.6516 290.4015 29.1298 -1.7475
88 6.3 49.7612 7.8986 67.3068 15.6527 3.4753 30.266 7.0619 0.609 -0.4035 1 0.4539 0.04651 0.4348 946.1186 368.2292 -37.7341 -32.4394
89 8.7 1.8459 0.2122 45.8413 6.842 0.5092 17.9961 4.4177 0.09631 -0.9648 1 0.5908 0.9552 0.8298 845.8396 5.9265 1.8446 0.06957
90 5.7 11.3582 1.9927 37.6207 10.1678 0.7328 29.7077 7.8599 0.4729 0.03242 1 0.3097 0.8649 0.7647 926.2737 707.9546 -11.2881 1.2606
91 7.9 44.424 5.6233 89.7204 15.2068 0.6635 33.2581 8.344 0.2907 -0.9889 0.9998 0.6895 0.5085 0.5897 345.1621 488.2469 12.1381 42.7335
92 7.9 26.4351 3.3462 70.5053 11.9501 2.6576 41.0706 9.0517 0.2336 -0.9398 0.9999 0.7286 0.9153 0.5385 42.7446 552.1072 25.0194 8.5351
93 5.1 24.592 4.822 12.7756 4.1212 0.5717 16.9931 4.925 0.6484 -0.03977 0.8837 0.2833 0.8065 0.4545 1018.8094 554.6593 22.1989 -10.5817
94 7.9 31.1017 3.9369 33.1775 5.6233 0.4609 19.2034 3.9782 0.8702 0.6193 1 0.1257 0.6441 0.2051 1010.3377 34.4179 10.9628 -29.1056
95 7.7 31.7085 4.118 79.8961 14.0169 2.682 35.6219 8.4893 -0.4952 -0.999 0.6216 0.4828 0.3684 1 250.6481 98.7189 31.6954 -0.9107
96 4.7 4.5743 0.9733 22.7468 8.4247 2.8272 19.0847 4.3628 -0.8967 -0.9753 -0.8225 0.04702 0.9259 1 917.3642 342.4793 0.6662 4.5256
97 6.1 20.3796 3.3409 81.9217 19.9809 5.9065 30.1509 5.7881 -0.911 -1 -0.7175 0.0964 0 1 99.408 481.6597 8.8561 18.3548
98 7.7 16.4868 2.1411 31.9539 5.606 0.6098 13.2396 3.6015 0.03163 -0.9847 0.9967 0.8042 0.6491 0.6486 107.6574 262.1784 16.3534 2.0931
99 7.3 33.7848 4.628 62.8153 11.8519 0.6905 19.8905 6.2877 0.1609 -0.9951 0.9615 0.6821 0.2642 0.697 126.2209 502.4351 -8.6192 32.6668
100 6.9 24.8527 3.6018 30.6884 6.2629 0.6215 14.9289 3.5921 0.7263 0.32 0.9635 0.1462 0.551 0.6552 39.1547 211.2078 23.1136 -9.1336
101 6.9 19.8991 2.8839 25.3409 5.1716 0.4316 11.5638 3.3917 0.1504 -0.999 0.9674 0.5549 0.9592 0.8621 896.8804 193.4181 -10.0842 17.1547
102 5.7 28.3307 4.9703 61.6475 16.6615 4.4065 40.2415 8.7678 0.8088 0.6639 0.9929 0.09324 0.2703 0.2941 798.5805 334.7536 -16.986 22.6739
103 6.3 18.0527 2.8655 61.5822 14.3214 0.7704 46.4322 11.7107 -0.3796 -0.9988 1 0.5662 0.7674 0.913 59.6922 594.5505 5.1453 17.3039
104 6.3 20.8645 3.3118 31.2774 7.2738 0.6955 18.218 4.2339 0.8432 0.0359 0.9966 0.228 0.5349 0.1304 217.6119 533.0006 19.8849 -6.3181
105 6.3 145.9159 23.1613 114.3967 26.6039 14.0427 41.3579 7.0985 0.9712 0.9112 1 0.02881 0 0 314.8374 292.1017 -36.8559 -141.1846
106 6.3 42.6679 6.7727 61.329 14.2626 0.4737 26.7048 7.1386 0.03743 -0.5416 0.9991 0.5422 0.06977 0.8261 721.7796 236.2396 20.4764 -37.4335
107 6.1 19.5239 3.2006 29.8513 7.2808 0.5023 19.0466 4.6693 0.8111 0.2989 0.9917 0.1836 0.439 0.2857 720.7376 351.9434 -19.2992 -2.9532
108 6.1 84.1406 13.7935 78.0775 19.0433 3.4511 36.2027 10.5604 0.1302 -0.1804 0.8417 0.2343 0.09756 0.9524 200.8086 301.0259 -60.2462 -58.737
109 6.1 17.9622 2.9446 41.1046 10.0255 0.8029 19.2594 5.2083 -0.07234 -0.5419 0.5781 0.3412 0.1463 1 191.1923 674.5531 -5.5824 -17.0727
110 5.1 12.4526 2.4417 26.0519 8.4038 0.8283 27.6107 6.3931 -0.6064 -0.9999 0.4076 0.4866 0.8387 1 220.3514 700.5885 6.1712 10.8159
111 5.9 26.5694 4.5033 36.8271 9.4428 0.5431 29.6336 6.883 0.3657 0.217 0.4976 0.09716 0 1 449.1191 115.7778 21.9577 14.9597
112 4.9 102.6319 20.9453 66.7458 23.0158 13.0098 56.334 10.5926 0.8791 0.7674 1 0.09708 0 0 939.4052 118.179 -100.7667 19.4773
113 5.7 3.5743 0.6271 29.4286 7.9537 0.8307 22.58 5.3783 -0.4444 -0.9971 0.5959 0.5242 1 1 392.0741 735.3467 -3.4539 -0.92
114 5.3 60.0213 11.3248 29.866 9.0503 0.5704 32.9818 7.7481 0.609 0.2487 0.9963 0.2381 0.4545 0.6154 570.3622 416.1017 -20.8079 56.2991
115 5.3 126.0503 23.7831 92.4861 28.0261 12.4211 42.1834 8.2245 0.7052 0.4716 0.9976 0.2118 0 0.6154 182.5857 616.4005 -124.4373 -20.1007
116 5.3 15.1663 2.8616 31.9741 9.6891 0.719 40.5134 8.726 0.5232 0.0121 0.856 0.3028 0.8485 0.6923 477.8281 616.0648 15.0974 1.4437
117 5.3 71.2372 13.441 56.7313 17.1913 9.9143 28.6525 4.5504 0.7117 0.6383 0.8347 0.06309 0 0.6923 435.4854 139.0264 -48.5979 52.0863
118 5.3 8.6307 1.6284 56.9246 17.2499 2.8984 38.7481 11.3527 -0.623 -0.9996 0.996 0.6169 0.5455 0.9231 242.5519 566.5296 3.018 -8.0859
119 5.3 15.1726 2.8628 31.1455 9.438 0.7615 19.6883 4.8698 0.4235 -0.05983 0.9185 0.3352 1 0.7692 887.5919 735.7437 -14.6644 3.894
120 4.9 6.8241 1.3927 22.5629 7.7803 3.4724 14.2378 3.5472 0.407 -0.9149 0.9926 0.7668 1 0.5556 875.0739 62.3555 6.6483 1.5389
121 4.9 9.3179 1.9016 20.9849 7.2362 0.5804 13.1914 3.7325 0.519 -0.9943 0.9978 0.774 0.9655 0.2222 941.1777 548.2668 5.9288 -7.1883
122 4.9 22.1441 4.5192 34.5688 11.9203 4.1523 30.2062 6.5435 0.9921 0.9641 1 0.01116 0.5862 0 758.2356 366.5464 -10.793 19.3358
123 4.7 7.2293 1.5382 35.1031 13.0012 3.1582 23.4404 5.488 -0.8099 -0.9344 -0.4931 0.1507 0.2593 1 264.033 358.4473 6.5531 3.0529
124 4.7 28.2607 6.0129 23.507 8.7063 2.7446 25.0306 5.2928 0.9339 0.8803 0.9995 0.0489 0 0 458.7919 691.7714 10.8949 26.0762
